
===== IPOPT/MA27 vs fmincon 多求解器同一 NLP 对比 =====
numIntervals=40
CasADi root: D:\NPU\Matlab_code\stewart-simscape\lib\casadi-windows-matlabR2016a-v3.5.5
CoinHSL bin: D:\NPU\Matlab_code\stewart-simscape\lib\CoinHSL-archive.v2023.11.17.x86_64-w64-mingw32-libgfortran5\bin
CasADi version: 3.5.5
MA27 precheck: opts.ipopt.linear_solver = ma27
MA27 precheck success: x=1, return_status=Solve_Succeeded, time=0.025 s
NLP size: z=1440 eq=966 ineq=5265

===== Solver A: IPOPT + MA27 =====
This is Ipopt version 3.12.3, running with linear solver ma27.

Number of nonzeros in equality constraint Jacobian...:    16869
Number of nonzeros in inequality constraint Jacobian.:    99018
Number of nonzeros in Lagrangian Hessian.............:    36081

Total number of variables............................:     1440
                     variables with only lower bounds:        0
                variables with lower and upper bounds:      486
                     variables with only upper bounds:        0
Total number of equality constraints.................:      966
Total number of inequality constraints...............:     5265
        inequality constraints with only lower bounds:        0
   inequality constraints with lower and upper bounds:        0
        inequality constraints with only upper bounds:     5265

iter    objective    inf_pr   inf_du lg(mu)  ||d||  lg(rg) alpha_du alpha_pr  ls
   0 1.1100831e+000 2.16e-002 1.00e+000  -1.0 0.00e+000    -  0.00e+000 0.00e+000   0
   1 1.0969025e+000 5.31e-002 7.61e+000  -1.0 4.84e+001    -  7.02e-001 2.70e-001f  1
   2 1.2604169e+000 2.84e+000 1.06e+002  -1.0 4.80e+001    -  9.00e-002 1.00e+000f  1
   3 1.2772361e+000 1.93e+000 6.55e+001  -1.0 6.16e+001    -  1.56e-001 3.22e-001f  1
   4 1.4408540e+000 1.03e+000 4.93e+002  -1.0 3.53e+001    -  4.91e-002 1.00e+000f  1
   5 1.6054869e+000 4.18e+000 7.91e+001  -1.0 3.86e+001    -  6.22e-001 1.00e+000f  1
   6 1.8861713e+000 7.08e-001 4.54e+000  -1.0 3.93e+001    -  9.58e-001 1.00e+000f  1
   7 2.0897472e+000 2.39e+001 3.83e+001  -1.0 2.80e+002    -  3.69e-001 1.00e+000f  1
   8 2.7538810e+000 8.05e+001 2.04e+001  -1.0 9.32e+002    -  4.64e-001 4.66e-001f  1
   9 2.7654365e+000 3.61e+001 3.13e+000  -1.0 4.36e+001  -4.0 1.00e+000 1.00e+000h  1
iter    objective    inf_pr   inf_du lg(mu)  ||d||  lg(rg) alpha_du alpha_pr  ls
  10 2.6095066e+000 6.02e+000 8.45e-001  -1.0 4.09e+001  -4.5 1.00e+000 1.00e+000h  1
  11 2.7981205e+000 1.97e+001 1.09e-001  -1.0 1.16e+002  -5.0 1.00e+000 1.00e+000f  1
  12 3.4908518e+000 7.60e+001 8.23e-001  -1.0 2.86e+002  -5.4 1.00e+000 1.00e+000f  1
  13 3.6932225e+000 2.68e+001 3.54e-001  -1.0 1.09e+002  -5.0 1.00e+000 1.00e+000h  1
  14 4.7063050e+000 1.12e+002 1.07e+000  -1.0 3.19e+002  -5.5 1.00e+000 1.00e+000f  1
  15 4.5082274e+000 3.17e+001 1.25e+000  -1.0 8.98e+001  -5.1 1.00e+000 1.00e+000h  1
  16 5.1198755e+000 4.14e+001 6.57e-001  -1.0 2.59e+002  -5.5 1.00e+000 1.00e+000h  1
  17 5.2221173e+000 4.67e+000 3.37e-001  -1.0 1.14e+002  -5.1 1.00e+000 1.00e+000h  1
  18 5.7232223e+000 3.93e+001 1.96e-001  -1.0 3.12e+002  -5.6 1.00e+000 1.00e+000h  1
  19 6.1890704e+000 1.13e+002 8.27e-001  -1.0 1.08e+005  -6.1 8.57e-003 3.95e-003f  2
iter    objective    inf_pr   inf_du lg(mu)  ||d||  lg(rg) alpha_du alpha_pr  ls
  20 6.5596857e+000 6.36e+001 1.09e+000  -1.0 3.01e+002  -5.6 1.00e+000 1.00e+000h  1
  21 7.0241935e+000 8.48e+001 5.04e-001  -1.0 5.08e+002  -6.1 1.00e+000 1.00e+000h  1
  22 8.0622521e+000 1.44e+002 1.22e+000  -1.0 7.41e+002  -6.6 1.00e+000 1.00e+000h  1
  23 9.2181854e+000 1.47e+002 2.62e+000  -1.0 1.19e+003    -  6.03e-001 1.00e+000h  1
  24 8.4080708e+000 3.65e+001 1.22e+000  -1.0 5.70e+002  -7.1 1.00e+000 1.00e+000h  1
  25 8.2445417e+000 1.51e+000 1.88e-001  -1.0 1.71e+002    -  1.00e+000 1.00e+000h  1
  26 7.3773585e+000 5.37e+000 9.70e-001  -1.7 2.54e+002    -  9.35e-001 1.00e+000h  1
  27 6.4848274e+000 8.49e+000 1.78e-001  -1.7 2.97e+002    -  1.00e+000 1.00e+000h  1
  28 6.2959124e+000 6.07e-001 1.79e-002  -1.7 5.72e+001    -  1.00e+000 1.00e+000h  1
  29 6.2861642e+000 7.96e-003 2.33e-004  -1.7 8.01e+000    -  1.00e+000 1.00e+000h  1
iter    objective    inf_pr   inf_du lg(mu)  ||d||  lg(rg) alpha_du alpha_pr  ls
  30 5.3041605e+000 2.01e+001 1.65e+000  -3.8 3.99e+002    -  5.55e-001 1.00e+000f  1
  31 4.2330464e+000 4.28e+001 8.64e-001  -3.8 4.19e+002    -  4.76e-001 1.00e+000h  1
  32 3.3480454e+000 5.98e+001 6.13e-001  -3.8 5.94e+002    -  2.91e-001 1.00e+000h  1
  33 2.6172329e+000 1.07e+002 3.93e-001  -3.8 8.71e+002    -  3.59e-001 1.00e+000h  1
  34 1.7151231e+000 2.98e+002 2.79e-001  -3.8 1.64e+003    -  2.90e-001 7.13e-001H  1
  35 1.7560857e+000 2.44e+002 3.17e-001  -3.8 3.09e+003    -  1.32e-002 1.83e-001H  1
  36 1.5992282e+000 3.84e+001 2.62e-001  -3.8 4.47e+002  -6.6 4.83e-002 1.00e+000h  1
  37 1.4394390e+000 9.71e+000 1.01e-001  -3.8 7.35e+001  -6.2 6.13e-001 1.00e+000h  1
  38 1.4038711e+000 3.53e+001 4.93e-002  -3.8 9.07e+001  -6.7 8.14e-001 1.00e+000h  1
  39 1.1474383e+000 6.10e+001 6.45e-002  -3.8 2.43e+003    -  1.16e-001 1.82e-001h  1
iter    objective    inf_pr   inf_du lg(mu)  ||d||  lg(rg) alpha_du alpha_pr  ls
  40 1.1014899e+000 5.32e+001 8.57e-002  -3.8 3.68e+002    -  1.00e+000 1.27e-001h  1
  41 9.3065287e-001 2.15e+001 5.36e-001  -3.8 3.41e+002    -  1.04e-001 1.00e+000h  1
  42 9.1267783e-001 9.46e+000 2.30e-001  -3.8 1.14e+002    -  4.36e-001 5.60e-001h  1
  43 9.0818108e-001 3.24e-001 4.19e-001  -3.8 6.23e+001    -  2.80e-001 1.00e+000h  1
  44 9.1079733e-001 3.19e-002 1.42e-002  -3.8 2.19e+001    -  1.00e+000 1.00e+000h  1
  45 9.1041813e-001 1.89e-003 4.47e-004  -3.8 6.88e+000    -  1.00e+000 1.00e+000h  1
  46 8.8988949e-001 8.46e-001 5.88e-002  -5.7 2.32e+002    -  5.62e-001 2.74e-001h  1
  47 8.7434403e-001 1.34e+000 5.93e-002  -5.7 1.89e+002    -  3.54e-001 3.20e-001h  1
  48 8.6025630e-001 1.34e+000 1.96e-001  -5.7 1.06e+002    -  3.16e-001 5.87e-001h  1
  49 8.5867144e-001 9.73e-001 1.62e-001  -5.7 3.76e+001    -  6.88e-001 2.89e-001h  1
iter    objective    inf_pr   inf_du lg(mu)  ||d||  lg(rg) alpha_du alpha_pr  ls
  50 8.5712232e-001 5.45e-001 1.09e-001  -5.7 2.83e+001    -  1.00e+000 4.73e-001h  1
  51 8.5612745e-001 4.46e-002 3.02e-002  -5.7 1.60e+001    -  9.10e-001 1.00e+000h  1
  52 8.5610013e-001 5.58e-004 4.68e-006  -5.7 3.15e+000    -  1.00e+000 1.00e+000h  1
  53 8.5609680e-001 1.02e-005 3.65e-007  -5.7 4.46e-001    -  1.00e+000 1.00e+000h  1
  54 8.5607742e-001 7.22e-004 1.42e-002  -7.0 3.43e+000    -  1.00e+000 8.17e-001h  1
  55 8.5607546e-001 5.19e-005 1.88e-006  -7.0 9.17e-001    -  1.00e+000 1.00e+000h  1
  56 8.5607545e-001 3.99e-008 1.25e-009  -7.0 2.51e-002    -  1.00e+000 1.00e+000h  1

Number of Iterations....: 56

                                   (scaled)                 (unscaled)
Objective...............:  8.5607544507544198e-001   8.5607544507544198e-001
Dual infeasibility......:  1.2546428479476290e-009   1.2546428479476290e-009
Constraint violation....:  2.0768159932534523e-008   3.9856578482044824e-008
Complementarity.........:  9.1429822083400222e-008   9.1429822083400222e-008
Overall NLP error.......:  9.1429822083400222e-008   9.1429822083400222e-008


Number of objective function evaluations             = 60
Number of objective gradient evaluations             = 57
Number of equality constraint evaluations            = 61
Number of inequality constraint evaluations          = 61
Number of equality constraint Jacobian evaluations   = 57
Number of inequality constraint Jacobian evaluations = 57
Number of Lagrangian Hessian evaluations             = 56
Total CPU secs in IPOPT (w/o function evaluations)   =      2.046
Total CPU secs in NLP function evaluations           =     91.580

EXIT: Optimal Solution Found.
      solver  :   t_proc      (avg)   t_wall      (avg)    n_eval
       nlp_f  | 310.00ms (  5.17ms) 308.28ms (  5.14ms)        60
       nlp_g  | 752.00ms ( 12.33ms) 750.27ms ( 12.30ms)        61
  nlp_grad_f  | 738.00ms ( 12.72ms) 738.53ms ( 12.73ms)        58
  nlp_hess_l  |  68.47 s (  1.22 s)  68.47 s (  1.22 s)        56
   nlp_jac_g  |  21.70 s (374.12ms)  21.70 s (374.17ms)        58
       total  |  93.63 s ( 93.63 s)  93.63 s ( 93.63 s)         1

===== Solver B: fmincon + SQP + CasADi gradients + scaling =====
 Iter  Func-count            Fval   Feasibility   Step Length       Norm of   First-order  
                                                                       step    optimality
    0           1    1.110083e+00     2.165e-02     1.000e+00     0.000e+00     6.329e-02  
    1           5    1.104980e+00     1.085e-02     7.000e-01     2.299e-01     8.440e-01  
    2           9    1.081696e+00     5.774e-03     7.000e-01     1.760e-01     2.669e-01  
    3          18    1.067532e+00     5.395e-03     1.176e-01     1.174e-01     2.780e-01  
    4          28    1.056896e+00     5.028e-03     8.235e-02     9.209e-02     3.125e-01  
    5          40    1.051365e+00     4.831e-03     4.035e-02     4.872e-02     3.329e-01  
    6          54    1.048257e+00     4.736e-03     1.977e-02     2.771e-02     3.433e-01  
    7          69    1.045840e+00     4.671e-03     1.384e-02     2.172e-02     3.510e-01  
    8          85    1.043975e+00     4.626e-03     9.689e-03     1.694e-02     3.574e-01  
    9         102    1.042583e+00     4.595e-03     6.782e-03     1.277e-02     3.622e-01  
   10         119    1.041109e+00     4.564e-03     6.782e-03     1.367e-02     3.674e-01  
   11         137    1.040026e+00     4.543e-03     4.748e-03     1.015e-02     3.714e-01  
   12         155    1.038904e+00     4.522e-03     4.748e-03     1.061e-02     3.755e-01  
   13         174    1.038096e+00     4.507e-03     3.323e-03     7.719e-03     3.786e-01  
   14         193    1.037266e+00     4.492e-03     3.323e-03     7.996e-03     3.817e-01  
   15         212    1.036417e+00     4.478e-03     3.323e-03     8.251e-03     3.849e-01  
   16         232    1.035811e+00     4.467e-03     2.326e-03     5.938e-03     3.872e-01  
   17         252    1.035193e+00     4.457e-03     2.326e-03     6.095e-03     3.895e-01  
   18         272    1.034565e+00     4.447e-03     2.326e-03     6.240e-03     3.918e-01  
   19         292    1.033929e+00     4.437e-03     2.326e-03     6.372e-03     3.941e-01  
   20         313    1.033469e+00     4.430e-03     1.628e-03     4.630e-03     3.959e-01  

<a href = "matlab: helpview('optim','solver_stopped_premature','CSHelpWindow');">求解器过早停止</a>。

fmincon 已停止，因为它超过迭代限制，
<a href = "matlab: helpview('optim','max_iter','CSHelpWindow');">options.MaxIterations</a> = 2.000000e+01。


===== Solver C: fmincon + interior-point + CasADi gradients/Hessian + scaling =====
                                            First-order      Norm of
 Iter F-count            f(x)  Feasibility   optimality         step
    0       1    1.110083e+00    2.165e-02    2.243e-01
    1       5    1.375979e+00    4.601e+00    1.359e-01    4.135e+00
    2       7    1.750933e+00    2.208e+00    7.830e-02    2.720e+00
    3       9    3.090551e+00    9.217e+00    1.779e-01    4.919e+00
    4      13    4.332894e+00    2.373e+00    1.911e-01    3.360e+00
    5      17    5.240063e+00    1.664e+00    2.088e-01    2.625e+00
    6      21    5.827015e+00    3.191e+00    2.068e-01    2.883e+00
    7      25    6.013602e+00    1.680e+00    2.138e-01    1.842e+00
    8      29    6.179369e+00    2.841e+00    3.408e-01    1.887e+00
    9      31    6.337047e+00    1.316e+00    6.079e-01    1.704e+00
   10      35    6.473688e+00    2.226e+00    8.551e-01    1.580e+00
   11      37    6.577228e+00    1.866e+00    1.004e+00    1.601e+00
   12      41    6.654040e+00    1.250e+00    8.204e-01    1.683e+00
   13      45    6.721292e+00    8.992e-01    3.206e-01    1.842e+00
   14      49    6.799713e+00    7.563e-01    1.671e-01    2.037e+00
   15      53    6.881778e+00    8.472e-01    1.540e-01    2.195e+00
   16      57    6.962875e+00    1.204e+00    1.405e-01    2.296e+00
   17      59    7.059485e+00    1.663e+00    1.370e-01    2.359e+00
   18      61    7.222395e+00    2.059e+00    1.333e-01    2.408e+00
   19      63    7.569078e+00    2.319e+00    1.277e-01    2.445e+00
   20      65    8.191445e+00    2.465e+00    1.187e-01    2.464e+00
   21      71    7.782536e+00    9.735e-01    1.202e-01    2.734e+00
   22      80    8.188989e+00    1.854e-01    1.159e-01    1.280e+00
   23      88    7.963891e+00    1.302e-01    1.157e-01    1.442e+00
   24      96    8.269171e+00    1.585e-01    1.117e-01    1.350e+00
   25     104    7.855335e+00    1.058e-01    1.132e-01    1.510e+00
   26     114    8.155275e+00    1.311e-02    1.101e-01    6.487e-01
   27     125    7.710663e+00    5.049e-02    4.606e-02    6.469e-01
   28     134    7.393135e+00    4.366e-02    2.597e-02    6.163e-01
   29     143    7.149434e+00    2.585e-02    2.400e-02    5.619e-01
   30     152    6.955886e+00    1.141e-02    2.299e-02    5.009e-01

                                            First-order      Norm of
 Iter F-count            f(x)  Feasibility   optimality         step
   31     165    6.729855e+00    3.792e-02    3.009e-01    6.005e-01
   32     172    6.529416e+00    1.980e-02    4.708e-01    5.372e-01
   33     181    6.343393e+00    1.038e-02    5.735e-01    5.010e-01
   34     188    6.000099e+00    4.400e-02    4.998e-01    9.694e-01
   35     195    5.685494e+00    3.696e-02    3.839e-01    9.609e-01
   36     204    5.395340e+00    2.769e-02    1.103e-01    9.792e-01
   37     213    5.129157e+00    2.580e-02    6.051e-02    9.926e-01
   38     222    4.887685e+00    2.785e-02    3.137e-02    9.970e-01
   39     231    4.672353e+00    2.686e-02    2.248e-02    9.996e-01
   40     240    4.484017e+00    2.241e-02    5.219e-03    1.017e+00
   41     249    4.322994e+00    1.843e-02    4.755e-03    1.080e+00
   42     258    4.186935e+00    2.068e-02    4.361e-03    1.226e+00
   43     267    4.133739e+00    4.382e-03    4.326e-03    7.586e-01
   44     276    4.093377e+00    6.955e-03    5.284e-03    8.618e-01
   45     283    4.066749e+00    8.076e-03    4.671e-03    9.530e-01
   46     285    4.055300e+00    5.549e-03    4.024e-03    1.090e+00
   47     286    4.055392e+00    1.403e-04    4.000e-03    1.695e-02
   48     293    3.958195e+00    7.678e-03    2.680e-02    3.564e-01
   49     302    3.865955e+00    7.396e-03    4.531e-02    3.427e-01
   50     311    3.777889e+00    7.626e-03    5.744e-02    3.364e-01
   51     320    3.693467e+00    7.829e-03    5.215e-02    3.333e-01
   52     329    3.612282e+00    8.052e-03    4.738e-02    3.322e-01
   53     338    3.533993e+00    8.294e-03    4.901e-02    3.331e-01
   54     347    3.458312e+00    8.543e-03    5.360e-02    3.358e-01
   55     355    3.384998e+00    8.787e-03    4.770e-02    3.404e-01
   56     363    3.313844e+00    9.020e-03    4.296e-02    3.467e-01
   57     371    3.244683e+00    9.340e-03    4.334e-02    3.544e-01
   58     379    3.177375e+00    9.695e-03    4.196e-02    3.630e-01
   59     387    3.111809e+00    1.001e-02    3.838e-02    3.723e-01
   60     395    3.047888e+00    1.028e-02    3.577e-02    3.816e-01

                                            First-order      Norm of
 Iter F-count            f(x)  Feasibility   optimality         step
   61     403    2.985529e+00    1.048e-02    3.445e-02    3.909e-01
   62     411    2.924657e+00    1.060e-02    3.266e-02    3.999e-01
   63     419    2.865197e+00    1.069e-02    3.096e-02    4.087e-01
   64     427    2.807084e+00    1.084e-02    2.934e-02    4.173e-01
   65     435    2.750260e+00    1.089e-02    2.778e-02    4.256e-01
   66     443    2.694678e+00    1.086e-02    2.403e-02    4.339e-01
   67     451    2.640307e+00    1.091e-02    2.307e-02    4.418e-01
   68     459    2.587125e+00    1.094e-02    2.194e-02    4.494e-01
   69     465    2.535121e+00    1.088e-02    2.065e-02    4.563e-01
   70     471    2.484285e+00    1.077e-02    1.920e-02    4.623e-01
   71     477    2.434601e+00    1.073e-02    1.757e-02    4.675e-01
   72     483    2.386048e+00    1.110e-02    1.579e-02    4.718e-01
   73     489    2.338600e+00    1.167e-02    1.389e-02    4.753e-01
   74     495    2.292226e+00    1.210e-02    1.192e-02    4.781e-01
   75     501    2.246893e+00    1.277e-02    9.937e-03    4.801e-01
   76     507    2.202568e+00    1.332e-02    8.038e-03    4.813e-01
   77     513    2.159218e+00    1.374e-02    6.310e-03    4.817e-01
   78     519    2.116810e+00    1.449e-02    4.819e-03    4.811e-01
   79     525    2.075309e+00    1.506e-02    3.597e-03    4.796e-01
   80     531    2.034680e+00    1.583e-02    1.453e-03    4.772e-01
   81     537    1.994890e+00    1.666e-02    1.387e-03    4.740e-01
   82     543    1.955903e+00    1.779e-02    1.329e-03    4.702e-01
   83     549    1.917695e+00    1.907e-02    1.272e-03    4.662e-01
   84     555    1.880247e+00    2.080e-02    1.258e-03    4.626e-01
   85     561    1.843559e+00    2.311e-02    1.250e-03    4.600e-01
   86     563    1.807649e+00    2.582e-02    1.240e-03    4.593e-01
   87     565    1.772559e+00    2.855e-02    1.229e-03    4.612e-01
   88     567    1.738353e+00    3.152e-02    1.217e-03    4.666e-01
   89     569    1.705117e+00    3.403e-02    1.210e-03    4.758e-01
   90     571    1.672950e+00    3.578e-02    1.215e-03    4.887e-01

                                            First-order      Norm of
 Iter F-count            f(x)  Feasibility   optimality         step
   91     573    1.641960e+00    3.639e-02    1.223e-03    5.046e-01
   92     575    1.612249e+00    3.601e-02    1.232e-03    5.220e-01
   93     577    1.583899e+00    3.486e-02    1.250e-03    5.391e-01
   94     579    1.556976e+00    3.320e-02    1.260e-03    5.538e-01
   95     581    1.531567e+00    3.114e-02    1.275e-03    5.646e-01
   96     583    1.508055e+00    2.888e-02    1.289e-03    5.675e-01
   97     585    1.488654e+00    2.169e-02    9.343e-03    5.407e-01
   98     587    1.469775e+00    1.686e-02    7.507e-03    5.200e-01
   99     593    1.452983e+00    1.602e-02    8.668e-03    5.214e-01
  100     599    1.436046e+00    1.452e-02    7.155e-03    5.227e-01
  101     605    1.421244e+00    1.357e-02    7.799e-03    5.227e-01
  102     611    1.406532e+00    1.182e-02    6.148e-03    5.216e-01
  103     618    1.393986e+00    1.054e-02    6.728e-03    5.201e-01
  104     625    1.381896e+00    8.740e-03    1.665e-03    5.165e-01
  105     632    1.371990e+00    7.343e-03    4.885e-03    5.129e-01
  106     639    1.362955e+00    5.850e-03    1.286e-03    5.068e-01
  107     646    1.356042e+00    4.632e-03    1.452e-03    5.012e-01
  108     655    1.350374e+00    3.478e-03    1.217e-03    4.930e-01
  109     664    1.346676e+00    2.573e-03    1.166e-03    4.860e-01
  110     673    1.344456e+00    1.868e-03    1.111e-03    4.776e-01
  111     682    1.344003e+00    1.280e-03    1.093e-03    4.724e-01
  112     691    1.344988e+00    1.014e-03    1.300e-03    4.694e-01
  113     698    1.346507e+00    1.120e-03    8.842e-04    4.667e-01
  114     700    1.348705e+00    8.140e-04    8.033e-04    4.355e-01
  115     701    1.348471e+00    2.566e-05    8.000e-04    6.111e-03
  116     705    1.295006e+00    1.818e-01    1.648e-03    4.005e-01
  117     708    1.214512e+00    6.741e-01    1.536e-02    6.755e-01
  118     710    1.111735e+00    1.284e+00    2.296e-02    1.015e+00
  119     712    1.040157e+00    1.470e+00    2.012e-02    9.215e-01
  120     714    9.795564e-01    1.401e+00    1.261e-02    1.038e+00

<a href = "matlab: helpview('optim','solver_stopped_premature','CSHelpWindow');">求解器过早停止</a>。

fmincon 已停止，因为它超过迭代限制，
<a href = "matlab: helpview('optim','max_iter','CSHelpWindow');">options.MaxIterations</a> = 1.200000e+02。


===== 对比结果已保存 =====
MAT: D:\NPU\Matlab_code\stewart-simscape\opt_minimal\results\compare_ipopt_sqp_20260525_165819.mat
summary: D:\NPU\Matlab_code\stewart-simscape\opt_minimal\results\summary_compare_ipopt_sqp_20260525_165819.txt
console: D:\NPU\Matlab_code\stewart-simscape\opt_minimal\results\console_compare_ipopt_sqp_20260525_165819.txt
run_02_compare_ipopt_sqp
